389523
693962
536935
676788
612441
223838
888629
371610
682733
36754
897781
19913
85482
66267
26253
403378
725389
720545
94284
630210
917411
672701
128067
41207
931994
214500
735521
97723
929910
531928
652892
530643
591849
722761
662146
97542
536583
129631
111036
344361
404052
779001
737835
820117
239942
676864
173539
254612
395742
776843
564142
866377
888093
402619
856824
406767
657779
905310
288778
789374
957832
482113
700734
247774
896786
538017
480093
651505
147187
951015
429455
300772
972880
612226
456095
753015
210557
757627
180219
840222
392480
721278
224617
59148
945877
572798
651665
766737
462472
995921
527572
373088
645391
64620
645095
550396
107787
633428
169304
733776
702927
926922
516006
708643
36590
95259
95463
878577
38150
631300
929471
156500
435886
827610
511617
219916
252154
92694
938067
458266
16411
371964
301580
623084
768346
823957
809353
611229
594538
25885
759318
548497
285287
895409
158759
767629
198300
106293
682028
277148
215398
98370
377568
427960
890634
496488
710383
973281
532153
918395
346220
132301
866564
264279
719921
910847
193090
76717
215166
770094
161791
402566
122032
623999
123368
815926
784954
829750
373595
970835
990516
179603
944964
456947
181174
914023
129870
773134
874821
405929
838566
110085
827893
106015
579438
963649
248653
428382
683913
621901
847695
467828
625149
617499
300446
972796
604868
946351
115543
253105
616959
25664
86506
293973
53559
942107
237940
473289
954548
836998
585820
382919
143294
80468
285187
12767
641799
979737
901746
761836
341075
671135
781072
393578
4638
518370
369884
734967
539893
927221
930662
417236
640210
170337
972849
289893
248531
806736
915201
316485
634186
681610
586218
370814
564797
603352
542250
263996
156514
114129
642976
379513
121566
123673
407635
213155
375239
509987
609211
658950
597327
407541
616650
883122
757868
217152
522482
168913
26992
222977
542659
425086
596375
571283
745304
929084
561426
11001
94914
150272
666878
774108
189401
313386
747081
133299
886125
866621
964645
783245
553323
851816
97992
246310
498192
241976
885911
663659
422653
774928
556058
666732
545335
482542
85461
644885
231155
603294
637586
83047
768568
114336
280514
488874
657617
635300
807722
113631
43333
311065
12633
401272
648660
873695
629614
913507
886316
942262
327385
128876
20673
377696
384730
182246
368788
469311
446389
656734
610610
447806
322808
807093
316015
576130
635531
51412
961248
627915
808211
988957
541415
356363
699956
393042
63725
118684
499685
743243
370980
311189
286277
720991
913533
345000
13898
363114
317249
322658
962607
888279
614868
723300
669231
634361
790463
477363
329529
426565
284245
901947
447829
354396
296351
223348
910721
628703
409290
821353
758037
120288
932711
247637
301615
728317
616287
321171
776362
831857
194927
560604
452917
135022
152773
336974
428867
519400
325405
262091
118032
632847
898566
31567
608331
591896
380569
208713
921854
732114
868607
675059
971706
323828
304526
295153
19389
646930
441262
877260
7005
183289
162800
657861
727784
333941
28952
827685
166418
117078
274172
260067
269041
347955
780146
141249
581458
479780
754776
572270
490102
199320
344521
862323
129512
861530
681718
127133
124989
582508
438664
890580
481431
86558
622353
882276
978181
50835
115805
226372
492220
968961
432948
306856
325844
32959
488116
266726
336769
358416
979576
863767
790669
950756
957089
683042
40445
613591
721833
207315
178906
18220
682702
937824
555216
28003
481876
431516
408870
847068
291851
49963
395174
177307
420641
979121
981929
741999
603003
269852
130521
522695
701197
278805
408587
821915
740972
716633
572531
348750
987815
59680
378777
311170
138373
576436
177679
623428
233886
530906
196128
462839
566194
489436
974894
911192
873771
465425
800089
55607
169301
543962
430152
761418
810047
949142
925624
252952
573059
242077
655714
925072
906516
562975
419964
687548
454424
176385
580178
176781
533619
7725
907403
702053
168251
966195
204643
734548
853587
664601
512601
339510
965623
142494
569391
378555
416496
316726
735062
278587
382403
460558
766231
997709
264843
86555
416650
684907
745854
767091
661018
549738
625673
991491
335016
831850
987562
237764
617567
325696
806120
91608
621885
355192
617077
826678
587436
296185
202849
847077
308159
725793
296150
496537
818149
439216
36184
379943
527402
79033
906661
775461
141982
54885
614483
805444
817169
566966
149790
301616
948566
713706
75702
863660
907893
845189
355910
552629
3803
728802
563168
543984
103986
935267
803558
203211
592199
263694
127766
103496
572290
113116
290244
948365
145819
87337
176993
581492
797547
183320
26615
431566
814529
934171
830600
495097
667009
673263
971460
503878
840540
259163
923274
101758
441841
634058
934028
426471
734259
89336
890283
766709
741735
101994
742518
558413
642024
71838
161291
1780
476621
941483
929556
486096
285185
124769
618268
332146
847628
387337
758824
751453
304901
60808
367995
325822
973614
342639
525713
537687
740820
290123
258533
881374
104238
932260
78309
217692
489442
92774
336291
502870
257422
270216
297996
956448
597216
369610
662450
987994
957678
66016
196623
936706
517041
21388
453071
643559
193981
423105
816662
260783
324279
19346
673389
533898
738472
268775
68685
329927
7130
774230
383163
226523
183304
709230
623037
63146
725374
404851
508777
194229
243893
195192
333151
3864
356429
737110
429390
275165
193970
665543
563081
630460
626031
264804
733798
749506
477670
633900
244541
720641
531316
487488
674744
826258
660984
305250
662933
724506
849599
881344
401248
730963
66098
398826
767400
456042
162589
443570
746267
916938
760759
593758
451215
654771
689512
128266
234230
495128
953037
236219
227771
107677
424126
41695
288801
406728
689173
498582
89025
524113
267770
403610
847254
819630
809152
268161
40320
880469
440669
895617
439395
770512
217476
108823
568448
263830
616041
214810
85753
299
533955
94091
252020
755897
574004
961466
740745
995207
721932
667866
302737
835226
487986
618298
772119
64031
143293
738645
578472
787419
474848
447596
162122
613752
939603
751154
877270
76424
582513
499172
563292
153882
542807
929963
920783
897971
129194
771624
691392
67964
934248
51288
525245
226062
197415
678228
524504
375077
383300
33320
586328
967145
84636
690645
509426
25844
255283
671596
483814
509474
210816
553706
341747
386656
254797
482829
834154
110484
888941
203629
168855
978973
755718
347232
162395
806967
841305
249762
554731
610927
445119
963146
278713
983380
774517
693074
596336
760886
287409
70790
936711
437920
529373
993583
596980
19983
723376
93454
676580
916489
740868
5828
837942
846192
881700
953228
69088
981930
455949
93522
638489
763313
568810
567280
788939
180760
61797
164481
867791
337753
437429
835894
211911
428082
198778
537625
939156
790090
86496
443423
885792
563859
64409
620079
152678
508145
954267
24321
857537
785327
681260
392878
657806
521625
426157
752405
579950
808927
988207
478662
593245
330582
710736
871942
316623
370128
916358
648771
234703
392609
149060
737339
267138
313272
373053
89946
740564
886347
738562
547103
27396
464975
664681
792606
318008
942254
982013
130736
97950
805056
654509
113924
892715
579207
623431
813469
598431
857745
458103
356040
743626
537712
939670
733059
885663
485689
605396
708754
160289
413374
204234
460886
478186
887439
756613
199462
767716
879920
829208
31721
566869
327329
900895
891735
364902
32362
694133
422151
222214
524694
850748
269861
535787
600977
396508
414094
452720
939222
757217
491776
684446
376604
580071
875052
718132
255240
792811
270111
419618
919958
959170
598985
713279
805726
841950
324688
634110
599981
548847
71679
335656
270384
955024
403695
892942
514759
626259
202085
688454
253066
966221
75987
87282
250162
679226
815406
966344
738182
253320
425482
484254
65566
4306
552937
312737
918924
137406
697041
571924
129966
124908
927170
124202
697926
647634
203069
71945
650821
657868
561287
212337
471955
250593
409066
763383
768738
195497
21056
470941
893373
249175
80953
258032
334799
691952
717133
945971
152316
513853
323437
475588
981914
869310
9892
114702
523572
671439
624531
896792
803456
302893
386987
945550
454378
184648
682524
833050
881683
292465
44056
853529
48574
510019
834656
169858
992726
497134
28992
804281
209784
312015
485485
351634
706088
939847
384427
72278
564490
231623
595548
806692
536269
39881
895528
998231
535902
153797
482488
371135
291968
301849
405716
857144
980237
359139
516908
154431
779736
56712
553475
698684
885180
905195
940557
406576
57127
344151
533590
781415
739088
495478
370485
880648
541500
184814
929865
445433
141084
531700
786249
145179
109607
474881
892
138547
137468
330304
540712
688255
460433
724100
602394
798935
29613
822864
522033
370128
386068
522635
496703
25228
318470
934079
115506
377950
137288
3792
282138
598758
450724
544978
267652
611255
173170
724202
30980
909240
659181
8668
536456
513556
851306
808194
178978
304965
136730
947844
318486
482502
933884
953026
804919
871249
758636
467997
352022
280788
706107
732573
374163
911335
189411
861826
405816
515817
98885
517321
534986
743968
364804
954526
682155
328974
91520
914387
156470
568043
104248
972361
59112
543562
429326
955793
468569
43242
456551
168152
509237
189470
340922
944974
997470
831220
125131
701877
312158
785159
675102
542309
182206
654444
955779
877531
355677
445397
830605
950199
694858
124669
843985
23892
466626
142283
161561
715880
588325
162389
513178
172342
510091
67236
187741
895257
539441
155409
230412
22579
596875
517639
629192
843166
813658
202180
951464
48777
397176
826380
226249
310395
234650
512605
626047
77248
674676
319528
432874
42049
721795
905650
80079
271794
511559
299802
800310
447919
128310
114901
600314
331834
556640
80744
253008
872421
505737
723837
343708
146557
714322
263773
8507
161701
183025
443894
425685
910988
168560
377921
492729
848617
822049
306490
847878
175110
797552
996570
414614
977439
521250
472813
873263
369518
147535
100476
955737
214901
296768
145544
72490
383478
153522
457048
754013
524786
216920
983237
64639
442378
812967
36075
164962
645978
716986
690914
665817
341640
262130
78092
518565
492972
29265
510745
42989
833836
238448
924509
114315
97886
852870
157212
717811
392572
932555
975111
126656
539564
198725
250281
978503
113079
699511
453526
228171
790779
965635
756742
713212
414168
511056
929277
671358
987949
629713
165768
544555
787853
698787
188892
240424
79021
794629
390931
358224
170277
737108
484793
196064
74684
567451
701039
937133
195135
118207
85523
488131
243554
817816
478730
33642
910245
924424
136704
295506
330177
174791
472772
616161
573202
893902
748715
23596
935286
488024
198613
460797
778226
112840
195851
328092
533412
667120
306722
80779
664957
308652
70151
355369
459933
78127
571643
603677
458430
354337
934562
459533
592856
418094
873974
166892
35148
148696
248416
248000
234891
234963
738613
761321
398589
12429
805699
110893
428723
266059
819883
511986
842161
815246
522070
211256
469099
772080
115788
829843
224317
87008
938292
734324
58219
840879
508701
242604
713456
994706
131854
389609
10115
770418
468855
312465
476879
845309
806696
658568
274504
254031
41871
931988
440658
453309
840644
162483
864638
668578
637612
418442
428684
816123
452945
154231
734788
332637
213969
60451
968839
21415
204700
149772
907314
830010
193036
934380
276769
27279
675971
258861
202808
119204
153560
622262
886372
342507
902260
981973
761266
489656
398985
544514
451209
133814
631947
795455
372735
267811
518998
427545
845213
688008
709272
918341
803600
259729
438735
620662
100307
535633
294983
303956
968459
314922
916564
919878
784028
886037
770725
376516
654864
450631
87325
948293
884855
788469
991860
575851
451377
358986
308008
224933
494802
443656
705659
39767
635188
447325
443847
354155
180411
678846
371131
674371
636021
524062
977945
261289
562120
130596
385123
897435
527049
498336
639832
364574
210910
634867
296749
304167
25145
694259
935137
223981
346100
504298
751779
432747
665479
1860
862885
109345
497347
647298
798473
209711
764030
286373
506259
966179
563844
79521
604933
970008
272769
79891
565765
750233
189843
562750
506041
819551
859917
205455
599554
525365
874154
931224
593287
808304
669016
940296
786775
461897
734714
457693
579862
71382
729101
29965
578952
808981
130293
725538
108853
291106
364806
671026
60554
980897
263240
175975
403699
953377
202719
978651
218304
731927
164088
722788
617419
864091
737001
464322
87353
718176
319079
636648
511358
45145
353704
408692
758751
31229
366001
608030
82278
79123
771923
680377
575963
250010
849822
777389
542605
221946
928065
115598
385908
187470
207054
983339
301403
257859
607027
394970
500857
895215
115330
222889
827839
818766
769192
530843
680127
775959
83566
126226
729124
161470
299365
386764
664667
984757
188107
999616
190943
622014
5691
258835
174665
246671
257269
528935
71963
981649
504317
174094
58198
30862
638935
568301
490643
729434
983028
574652
363889
409573
124776
774192
544809
215603
344891
235979
469297
469283
752297
393765
880182
766673
383428
47883
191667
50257
830828
102360
94734
380773
905673
69873
979923
229395
549150
18810
397964
825334
57463
709161
907468
122836
274805
815522
451192
830992
546409
89575
69214
361778
11569
278564
242791
298952
938140
211918
119100
234129
413678
423428
417931
296245
873220
452379
819206
613072
146428
6346
246234
202771
599178
801967
994225
453131
121483
528348
870011
571641
608235
268528
855444
511615
805814
363542
843363
789493
730873
608151
903478
482882
692399
459625
679044
770935
111882
548700
430274
504203
538493
927275
350877
167810
949903
240169
181926
444222
651035
543767
306984
735796
626333
348847
812129
410597
862341
561386
193563
45103
392631
932324
562112
346824
141409
978704
595811
690574
349988
430226
282312
635226
526910
909153
620392
492388
970714
312062
15406
460183
848095
574047
668232
214423
695195
624253
473103
870946
26637
558698
79690
621535
12146
963459
671837
916398
814660
21808
656770
858058
585806
811356
135404
111828
178365
636525
96021
931256
689770
821590
266576
820008
430702
476316
403040
498218
178991
97591
163110
66645
288650
523893
257968
721347
584120
644259
804206
570258
457503
294420
740770
438350
647143
724345
899243
838827
798602
180021
990237
797295
642712
802504
17776
808498
195631
436647
755470
224636
915431
923717
856026
520670
639082
896964
848611
728781
342229
31427
168780
961185
583088
176997
955699
311074
843588
281134
693447
17465
9592
735264
92255
896348
481060
606947
93109
855571
440823
234551
795719
478140
932659
11333
67409
508836
330249
988894
169386
554416
598204
919463
715112
675137
817044
9946
463900
532510
559498
10192
577426
21632
973595
658785
253466
809787
516556
154336
488238
230559
332074
462344
308489
233480
633010
841851
751921
469852
175111
307153
744650
728608
680724
340458
19090
822177
256826
18842
903307
554046
279920
740261
928818
202099
859225
942356
749176
388566
929602
615999
406733
797522
433514
241230
473548
892217
691194
348449
696558
255124
434835
889778
458471
808808
142202
626691
306354
427947
558588
779817
282224
100518
175531
21853
239130
294626
182216
172668
882153
984001
641826
794096
980879
394332
615432
703241
123553
178410
46096
340323
308996
869841
569392
549370
914668
990823
754623
361974
409291
166758
605028
412200
384634
591582
548887
100094
344992
527129
481058
331582
347301
476236
839040
567268
319224
371973
121747
330740
889375
836388
113233
391759
27473
818524
436088
693430
781971
579921
116113
894620
874957
447088
371420
728054
464157
391078
422109
75894
547666
177982
124401
578093
532349
715589
753759
231909
278869
269065
925270
473613
933778
104068
951412
409740
979962
895421
560701
640231
427322
559600
942079
930511
432938
645398
293755
626378
383202
747656
430997
62432
317310
488966
188620
869776
746128
652096
437073
417356
819684
896432
321111
142429
776720
557142
486064
666054
329580
487390
489700
989830
378543
373149
666852
834520
833243
618695
536769
395533
234536
220126
740521
555421
148128
684523
710084
526020
787127
66537
739455
215527
500278
361436
871135
677098
705646
226217
491713
102255
445694
515073
938377
36452
696641
31687
235883
550382
315067
961080
334442
769693
517350
153446
573662
993482
159791
412447
902675
340179
808129
989221
842813
648062
451234
264062
738894
382055
746887
866007
25693
599555
938345
61304
844835
784975
240493
978809
426907
730168
888157
454675
133372
630571
117608
918375
957092
839601
28167
156331
817254
97763
645738
860475
217481
506255
752007
213389
221376
368428
800220
790932
587208
168846
478278
224536
389385
706041
996562
202802
365612
108108
821881
876736
596252
612052
802950
118384
796549
646338
875358
970006
417048
217234
586889
688585
401520
558323
340172
919220
308173
110784
731344
708440
31310
940938
231932
11242
125146
702163
738447
996508
236376
130805
585314
509740
254915
82144
751724
200705
859411
523348
174415
62905
47322
768626
44008
351016
545793
305632
814453
214731
88443
503261
792678
137632
326700
262056
321435
5527
129552
579863
793170
146968
445796
739226
322206
373138
872167
624710
504447
882712
236658
626198
940397
781159
764260
457276
673250
331081
264795
435548
767544
23724
158799
224147
194240
229803
697431
955453
253052
506762
453788
522156
681678
969854
690052
513551
152936
23496
116508
726618
85847
528190
13968
766947
741595
238389
540430
689704
731565
982309
138869
19337
749021
507694
721402
988267
360496
492079
34620
232949
333483
290959
602279
341734
837386
706793
344760
498104
989138
709842
55484
787171
846450
245061
269856
386309
863677
364587
66685
853541
336154
866694
640277
811997
293517
998891
412727
792873
219794
787943
674223
791596
373776
272605
282453
565013
616169
32834
973962
554534
91429
410624
96228
195043
424888
927135
807865
618936
192327
476668
625029
22975
689131
463838
234528
854703
193130
139468
867048
184
741000
495600
160577
974617
264350
913757
660848
974185
178786
601560
909134
720607
230008
832383
410561
352241
615661
987796
9380
920245
974753
795446
361826
992100
423216
863634
455627
164515
354848
5935
393997
95981
717934
553822
459010
310756
629762
318995
911437
233544
363826
323533
310391
337990
923268
370104
212459
61236
290596
398769
163902
232157
110655
48442
557260
194816
48013
782393
571032
458954
461199
323594
551585
998515
269532
759958
383445
218541
43545
824950
296949
34373
380482
804729
222527
964528
88591
788810
275323
620469
370277
114208
992692
470616
567908
745426
3409
278067
357476
475558
302646
286163
25388
565847
72032
128664
542763
800014
805336
247217
102053
264159
695579
519501
552982
561252
972304
45180
422332
760912
873282
442477
101832
228521
440771
141134
405440
170786
255954
437396
620367
331313
222635
449195
982418
668965
158687
408989
60360
229260
715627
885531
732239
310847
491061
739490
101233
561488
331877
439955
157673
94532
235996
59557
587391
859415
357153
981485
491238
721641
148845
125330
700735
412656
447254
847919
921268
700365
869689
974432
472335
224648
355809
882588
956852
602732
150992
369337
518794
765999
276713
631540
7879
308778
220119
119654
322761
835605
77166
998402
458221
939268
511617
906736
126488
90726
772497
164387
753031
812121
440877
789479
874799
319913
351506
180496
489033
882590
799807
342524
665728
708333
833807
320322
733898
39387
20997
328160
877025
105206
369607
47207
666689
160079
976419
864103
742229
904519
495096
78896
420738
52065
927951
317064
868879
714691
163261
243093
137391
274512
461075
571046
992182
509580
491345
876104
251796
125669
607036
18939
782506
169260
247053
207470
737115
7055
200841
427244
864252
704832
372191
142217
257655
20518
617080
357485
188392
265658
953745
537655
299611
143008
970723
538562
944478
435160
873583
247230
243420
756600
281076
175344
327890
442017
90774
905434
770757
793060
385414
63180
668524
264873
803080
210949
110270
329651
292682
453981
448415
876853
284874
43867
647518
596267
630092
17844
157575
952314
394861
801184
696970
742481
190145
159305
896331
101197
971156
126182
841460
311896
450279
605539
866717
54504
906619
47336
532580
790128
720169
920765
360165
803132
352354
120329
8398
52497
692156
114365
112969
309598
11806
299668
777444
750803
306874
846674
491153
552541
62469
721792
698957
686653
129112
10072
790507
629327
370202
401966
94197
978167
457788
279111
250315
782377
567592
685596
346323
687573
387421
397886
5641
278681
742060
835549
965696
635324
172770
132791
143037
18544
232722
337869
951215
126805
642332
866665
452749
416132
191309
140542
438355
919526
508501
279350
31383
183614
468348
372289
111675
412056
17095
715382
722413
942779
48925
960421
42588
48097
937939
455215
238462
780806
4
173951
741791
832998
597836
196592
401296
373605
922510
977655
387300
50131
768232
170052
870478
932164
926722
224012
656195
12983
816062
570529
48974
663946
525573
269645
812184
903041
734858
760335
146617
175738
401769
410379
567979
246655
712165
880641
151113
419632
738006
497273
64409
148961
910114
832659
792327
291156
132840
663009
668521
914255
631752
242155
109873
313272
471951
931330
227552
123816
363013
876826
339246
112034
267124
563942
245194
554238
246304
698844
576132
988219
650356
820693
617985
690326
364765
312108
939971
531573
288549
440105
361445
797805
882338
125411
801513
471866
861941
784518
813182
716070
37816
729507
103112
248395
332592
335346
232621
950636
441595
363462
663636
244483
819075
951363
165980
427152
198439
8392
52371
289366
278042
721338
608061
846980
890353
278058
223954
6407
811663
54640
306092
918660
92251
601072
959265
502294
781418
848019
500373
631864
613142
755207
863381
116948
602501
790931
637563
583881
938369
249665
431253
647768
950178
769208
835245
743989
80586
68479
653497
433577
621685
185149
101250
337331
155600
81769
884570
339571
265843
761257
259061
622457
82080
267374
272329
782013
581155
1860
312047
100468
103765
921727
176060
640323
578407
595325
956093
319214
459817
486251
244844
247314
405290
383118
597964
781772
466019
584972
66988
243622
208941
118943
803114
215035
37784
100866
971119
502386
262699
474637
736682
312576
120822
474322
150798
243932
77838
465559
11555
699259
321826
675852
317256
98908
954179
123526
143041
477815
274689
775233
360417
346608
293694
881503
457972
385458
40194
658745
473244
560017
736722
794540
192621
794415
673036
297859
992827
272830
534205
510305
895286
28769
537751
953620
444382
220848
975444
103604
448311
302016
757795
117338
826980
43734
676208
998397
816879
628616
715526
440426
49556
841712
735163
145218
942439
577109
177714
615863
284194
902796
788124
114805
5940
130856
236280
493854
594289
856554
783463
247988
552348
537164
890814
513010
522908
352181
379568
945571
225091
339736
822454
315545
80315
385994
990298
152316
538962
262266
649474
83771
710331
505048
969065
501378
170504
859059
217537
587295
160255
282918
406218
249102
137660
188145
100180
518357
544501
984961
632807
44962
651527
150393
446664
408044
520532
603299
484331
353850
815166
514120
306203
106952
296796
285632
991387
556957
201315
509791
847719
996502
546817
723237
914077
838931
565867
974996
14799
142249
256276
220094
638620
582487
72837
805171
358155
220713
535526
614320
904286
426398
989190
911829
352500
299148
914866
622182
60081
446694
80949
124474
889015
361365
152806
464464
101957
889951
307035
239576
928511
893368
923507
97668
343548
426321
178162
661809
122755
932797
77715
990304
506008
323686
313248
510989
108956
887774
653790
120711
925891
910463
849849
606421
508050
930768
312900
11121
918341
288610
764153
409178
49242
82682
846957
169975
258446
240704
714517
45746
147900
383473
191472
987206
675339
365253
559973
142251
206130
981900
241458
269919
725980
87751
718452
665627
89278
197577
349891
410043
709604
804291
662009
470961
654062
221796
413400
182684
92827
528401
178022
834347
657390
792605
37691
236855
925518
303263
171041
195068
733812
260887
970283
222865
249890
274822
898634
320110
628380
400565
913831
293333
980753
268060
466564
341495
253836
650008
102196
634714
638443
695122
428414
824205
22383
119670
630857
958606
422867
577406
903704
32086
157707
223526
928010
455287
746770
762781
223139
118747
488474
352908
915736
606882
300095
112528
742264
692648
412566
512836
454300
632172
217370
313962
892404
768953
376047
38827
842917
640443
744455
419610
729349
858296
965990
142792
266995
627646
680367
692789
237422
735804
465852
994525
719516
865748
165079
948029
904087
66968
245852
248122
861196
130815
628940
271781
667520
481477
383801
892118
412490
364540
14829
997361
707882
231535
111929
31113
487999
307546
777437
218214
306521
439677
428267
406566
924350
376961
927747
141663
480464
945972
435114
564997
571375
14767
356588
702616
107818
314204
830582
817069
570015
277044
420125
646288
594166
471886
143742
741903
686042
601785
959662
326084
576986
281246
917414
24574
453078
195991
119125
619722
576066
598691
226602
714240
783800
212170
372641
354603
653226
499838
544618
984859
783360
558430
975589
198479
888745
142038
985411
690309
971525
807517
41357
81739
645718
508176
696601
722982
373561
198415
437863
349848
179898
443291
670412
134663
967878
357560
219522
633433
752186
955267
338323
692898
437830
106017
525463
716698
27052
445487
17849
160949
93742
993888
151344
419604
957136
158511
177636
652917
954102
941253
325523
516582
206757
86777
752495
538095
848168
354847
481110
798032
822930
811198
306618
799160
574737
396216
768680
961982
201855
441703
692612
837544
903855
950892
230142
647476
75483
652436
172524
466768
602466
559708
469748
144397
876405
606006
358889
153302
71526
5431
775248
614937
563736
407245
580678
146509
651639
211025
585161
960033
848941
257860
792857
935526
85397
832269
945147
849632
407055
70267
348145
917791
436332
129462
28128
13463
151439
327156
180356
411479
82621
825200
363366
832610
118425
622955
462337
312576
74455
516486
948379
840928
394720
999818
441469
83420
57226
548910
758882
408809
185470
513173
305194
300657
81340
899177
313825
902760
217539
781978
159411
797786
765532
825083
231070
753432
532232
272335
588541
681393
838663
518968
38691
854237
954588
695710
781016
187189
625031
294710
589399
348925
17325
751143
58849
985976
344040
159770
996785
842679
716148
436446
962359
864906
836052
486954
843896
194256
253586
438031
336004
929571
958984
464275
652836
261136
737554
546630
559614
56671
778603
437937
38779
15937
639404
984645
804957
610410
54163
499247
742103
752192
54116
997092
108157
246286
282103
682875
837542
555814
361009
68242
533898
58837
736981
686222
788606
549494
192787
510736
467255
442731
743934
780007
421925
368234
769124
323230
482078
930427
718541
43074
948563
148745
274624
656911
942521
274026
297299
304961
290060
476983
12256
842372
605230
303396
941664
980792
403346
392686
938073
268996
860051
231167
318294
948977
616417
475736
331198
505806
293663
693365
196331
234703
709782
323837
815711
328298
504457
390906
532193
252839
494501
621655
954382
913201
96641
458699
657741
551834
38214
745972
566213
32342
430320
164267
238359
1145
473623
132704
608758
27773
297081
136333
565448
53590
729583
405016
619894
834319
788473
24097
391362
664285
262605
77023
805785
423274
698483
60140
111400
974164
693319
416666
714955
74086
374507
225333
832599
571379
235470
469139
317488
728659
586512
488361
235634
914219
507287
353807
368948
492884
554107
549315
756433
933602
588472
727166
300268
590836
131322
674967
824461
606990
567973
461884
497626
622961
386861
993585
962081
221479
344150
42367
867180
873917
523453
42244
120236
857660
122512
765594
669500
559676
167090
258937
375422
231634
308167
95581
240852
167334
326362
833935
282447
152625
979085
472063
466338
416273
134193
426792
374825
495795
934929
360362
119408
641006
550242
992251
625555
971386
486907
196593
507185
606631
262166
952167
167743
71162
513674
801953
549652
6004
766872
569103
85477
53394
281032
366258
305756
244008
288359
225243
913359
303493
811364
419565
396020
328335
373383
839777
292224
67648
747101
521012
138875
514271
246442
104975
475634
113706
457562
79691
243029
527015
14694
725660
860310
247745
415539
912151
962121
539666
364255
354050
794971
579136
335343
325098
584286
963614
711430
698504
955439
76758
213274
251015
750495
453566
823865
477123
725939
473023
595465
724377
72236
50950
312181
34629
873348
318104
231450
69572
773132
678894
131766
237035
433078
574630
148876
370280
769023
897008
465978
129093
69729
801605
334688
402541
34267
815991
460582
108399
359672
452743
39949
867515
136180
654490
97215
383640
530907
497776
497489
221961
708733
865989
563926
105564
487532
414910
554466
802838
585076
532812
413361
613146
826579
835177
653854
99998
444248
513668
354322
946513
453206
300857
23473
940397
971872
590520
217691
940544
337805
759060
246131
381548
869273
669207
515208
336296
499902
114009
934194
88554
422764
194745
653797
510331
773001
487687
749312
737676
138780
128937
216958
293584
184165
437141
825982
14703
55732
191149
7342
692081
572658
919388
79166
894322
405803
446525
645689
998279
480463
666368
157552
394826
992791
239150
821263
38293
278135
102399
81556
289021
656473
345934
732335
515435
993448
429954
544176
491172
450827
997282
973043
393739
932402
838522
671157
79852
647094
239434
387112
209622
668623
404679
626998
647525
137542
365168
152217
10918
740778
867732
582420
863774
442610
636211
156014
903605
298051
471192
928945
379021
68681
622798
960893
443618
486741
388014
641517
942314
771096
5499
359529
995064
803225
281968
24471
628059
61517
67878
59848
968038
851836
894684
773246
333863
331003
200613
469346
943337
299627
463529
201141
121594
118722
336093
173238
188957
247274
343379
855445
532339
222941
224836
692651
663714
848511
368593
733576
525885
522301
761663
772398
2587
830189
678458
932628
840104
408820
441025
622769
26326
106143
735976
201485
15973
533503
824272
372983
203041
81956
475952
204920
486745
216821
496151
101182
592628
617839
208370
884510
503652
980056
790801
523064
346282
510117
698584
951529
304232
996130
553293
344108
147509
351943
421525
432999
356475
92933
197517
672932
406552
441354
895641
93813
896310
974214
973478
585404
72447
674398
395625
77549
519117
738664
728079
798837
118231
260843
827768
506889
713638
527612
821647
521205
515341
701495
526395
961139
615187
633484
487704
351786
780580
165919
781844
358260
284134
664400
488636
44977
962462
848539
504116
356076
863443
161591
556150
441217
74702
700925
61634
851798
278696
925965
326315
990214
887794
918057
712802
989338
646498
584949
544625
892730
552277
67605
600002
470806
702819
393965
657856
424013
115521
909694
93462
550133
3582
328672
402508
298452
723434
314252
31987
513601
106968
763047
886922
669707
103319
619349
488455
247370
836318
372668
47503
892128
88432
872281
857624
565978
530769
837814
225777
691216
363562
694755
620169
84549
320606
966872
488188
509805
171636
79205
105915
286948
84905
417101
832217
377426
459914
880816
306119
792967
467565
301791
196440
925514
730478
691492
852090
496225
217212
974396
629383
106744
172384
596645
478924
210826
822032
864416
876677
144911
765145
803120
112143
266196
887685
115027
849043
84945
981002
229666
264761
449114
859200
762879
116465
151624
819427
895785
32232
791862
306650
671429
854509
652846
196550
131738
708762
642524
817729
288189
679475
12567
387983
484005
410118
360732
330559
939471
280245
679189
180235
299372
808054
360078
429340
164976
196245
581607
761928
892270
721876
235314
167575
645701
158089
252693
70678
71369
573937
633130
3827
709632
720189
685886
58256
611307
719299
624966
343638
201071
397638
884670
400654
310590
310524
721616
485083
624577
992994
995055
45981
7116
312251
26079
356597
829382
142038
776217
305689
207589
642134
638689
227033
589722
619482
236818
243559
180183
820331
195186
360356
991284
900714
225282
738542
805400
134779
957693
839194
739031
164927
640700
434447
564143
127857
502461
828692
272480
861511
311231
261901
984846
77468
988758
41799
675163
152812
325888
836493
60405
469160
271866
373775
863211
595951
408748
564366
630278
720617
895922
248321
421616
587734
286076
55003
693535
362140
600194
712356
668047
77350
937032
922699
963149
868487
852394
89598
610650
885753
744211
679661
601452
663119
101828
401236
167451
261208
716730
590101
204617
169851
960980
25719
891903
174787
501356
586634
558245
297869
65080
260492
242995
261343
257397
672933
709270
645851
181221
320723
419101
693953
706633
229743
346010
640711
109147
843545
270698
363276
573939
812406
832850
532987
899337
833315
486084
700293
548587
257251
927313
930704
326342
107929
987456
129336
874966
605336
247751
626422
739821
358348
758375
510014
420453
778387
657731
640660
862712
572511
999151
904945
102890
728600
915415
817680
262637
601276
419167
99308
946809
660619
452040
849524
733147
589261
209889
437039
39922
896152
527033
107856
531037
701751
515374
155857
41944
710341
76111
114573
795148
87841
250080
279793
969003
693210
189510
200018
857847
858819
515967
709271
755285
641724
27632
856432
310639
461825
854273
712725
875901
261368
264180
620865
612721
842313
390286
68219
205160
511691
146974
925248
610614
492063
275579
710796
571810
927700
669356
58089
45728
668184
328912
396671
999110
389691
146460
437463
198267
368208
798566
777759
77285
628311
255999
738132
722256
755234
604521
886412
538378
186581
377992
282169
930593
987411
839482
560897
606599
69004
407920
948874
802901
54719
636596
654278
255889
175576
704957
283658
506111
940951
931490
482781
115949
647145
362871
393884
234205
294247
341238
401622
805766
33193
309963
565513
389864
912423
652630
310763
603158
662866
994849
68747
22159
591935
811702
363262
164686
680983
856358
898643
210901
10317
430422
574641
368980
41187
494803
121667
683576
142022
749617
845772
522121
497782
693174
662781
593569
817386
802584
940844
695828
280567
993689
780328
400633
532715
990073
343114
729847
608996
273535
762228
154933
842374
346958
259343
532418
120535
558919
20331
487348
968192
392756
782004
880423
629692
555109
476493
886192
961411
890716
8558
415566
858472
175568
31477
2856
908812
799240
166068
692281
146187
795077
519658
497841
220487
890569
63592
962533
202513
297174
778997
931737
402006
690679
952853
410366
545768
186309
276252
448382
915166
268473
338147
122027
650015
267353
284679
809124
41569
223392
533750
680739
745034
138456
144942
562420
993456
50296
138207
588289
821788
113236
29947
87448
554526
957341
597339
31654
876131
940877
840434
279870
84858
685383
219449
507514
165995
26731
984537
576742
617826
380898
693343
733065
330246
466851
2792
179163
296089
676525
854224
967023
893119
736531
667117
909580
85742
465720
410524
744624
154872
894818
822032
326118
672398
436894
359998
197283
835685
419293
478827
803240
765430
278269
189443
419758
67733
696979
806117
680394
318121
131388
382560
621635
10554
775154
373178
601157
17000
89510
359944
44532
189716
200790
304637
610765
26998
1364
968275
268289
639004
653959
967064
146971
190801
869779
25672
719399
219066
992503
113965
249478
761287
812892
332
346878
233885
469520
921003
195605
312853
757528
827652
389086
640857
743106
135534
831771
403927
210988
811659
624848
510852
17721
529738
369368
985363
405725
690966
573736
921928
272120
840128
303672
973811
803737
30821
598710
978328
84925
270624
900419
924075
835569
703150
571138
592496
185911
328890
754616
565849
705504
990230
781595
779155
273040
840678
24897
985523
764733
230386
918728
228036
782952
107809
470331
271319
909391
782534
453934
405278
244924
699369
979287
465209
971336
646621
872428
513624
448381
907115
729158
943164
728582
595296
290960
795846
135268
381943
869867
68083
748020
502557
486260
162721
727602
879762
859235
180588
927649
27424
179760
280246
923966
756474
347725
342322
912918
135656
323892
959900
349732
830062
213727
171623
384952
279695
448487
108367
846619
841102
797519
918565
303176
240421
226103
172100
488831
952173
566641
783804
918545
220207
956282
65456
393647
968287
284003
21228
73125
856326
237837
384414
215958
28809
490005
775262
419798
88119
661390
166971
728975
475188
622224
390612
437736
845033
500867
777093
746139
230826
886258
407664
346469
867325
173735
667504
522139
992445
571016
978936
780639
4100
80133
148056
186714
384973
265341
55782
125069
80556
259522
34448
473502
702084
113676
704604
542536
215931
356793
510841
367016
138036
541242
322023
309934
311451
423566
14359
100434
560118
790489
448359
273202
972155
533954
143593
272289
946620
71702
226006
831124
813289
660396
291656
587781
828858
512114
650796
812225
106611
570789
213949
649773
496615
482917
50302
877204
516626
843031
947236
831054
543765
143371
726567
526841
201834
52119
327752
368922
250951
811758
225828
837655
739578
542145
26512
647044
902602
465535
326291
87370
557101
985125
389833
419891
287154
49934
313895
648722
870311
662513
905654
40353
447800
109340
566499
578602
223831
305890
912073
627724
465756
815447
710567
819249
243378
185099
333276
898857
811299
266682
748607
971941
943139
866566
539479
473136
811501
111140
679020
605198
730106
68958
338413
74382
463706
866506
273790
444509
406027
823539
780449
735184
195067
447696
194810
604339
658403
707313
692548
541606
482782
663400
571948
885555
10502
611095
322984
104895
192115
922382
157810
992746
296749
235854
851875
702515
77902
363298
700825
165905
375783
506652
28928
899958
53480
435418
20109
36419
376199
740144
118071
811573
291175
537722
123201
705146
406074
231885
339511
700499
54984
167037
581069
917871
841191
544294
321772
694900
265645
704332
963104
256370
644206
647472
804215
50425
957897
193628
344631
906025
391385
577999
90957
373312
428073
319818
133906
439251
586302
683796
667854
124433
453918
4885
564866
358398
652825
620091
838855
938425
469374
498227
829162
564478
643207
588348
109148
318005
952050
464523
258471
452172
722300
432462
831443
676791
319612
781547
918627
296809
974572
669197
269
912761
963891
976061
601690
723461
264570
720831
819293
730319
725298
282795
645539
412781
61955
798726
165346
875905
423905
162801
681388
792388
162605
109198
924901
60646
865333
225934
422614
154184
744203
198878
977013
393276
387527
658662
836081
988665
151329
856835
508383
405404
99718
170917
4368
966528
221818
594143
724322
920139
866231
952907
797153
575360
75418
714154
493136
566794
937975
223881
303627
977951
647435
253263
28207
277544
750501
915124
413916
193517
237280
909246
453413
237195
782453
828561
275122
416354
492152
194739
422053
556673
231620
353099
693953
278300
707202
829394
353244
440536
713114
861154
594873
860151
574861
680030
501932
831318
693749
782676
947967
959668
989501
379321
542471
940936
203854
955258
748185
203059
448419
668740
210693
575830
537474
332998
454576
267729
990627
630267
32548
33919
391787
617344
66060
767808
307625
914658
482251
49884
311869
126200
784596
549942
814495
715455
832442
190629
318482
616753
190585
297158
306326
927874
569770
532441
215519
742500
314614
470145
341957
765961
324273
60299
576239
584236
907181
132732
410204
471133
140121
629646
287450
75746
375138
319682
839277
612431
966107
8145
421376
902174
308609
892362
269273
394200
161202
775031
345724
373145
115137
237029
440309
462885
33119
102246
105828
119530
266913
914731
459596
118741
568874
888095
708240
17610
318930
87224
859908
940650
195908
889304
464809
502504
690240
478793
786199
893675
67884
215181
873327
468080
456028
468745
225333
437423
325026
862473
501662
508743
747205
246495
412234
454633
779234
960394
354949
663425
387825
559175
183513
442585
223355
935779
308623
682073
594310
982604
139666
996892
684099
67093
804407
499473
557130
430810
425529
740282
591219
267597
78499
428115
205368
936116
452453
233507
146034
209816
451633
274674
307133
91424
932717
22273
258279
300022
777152
894627
112924
546160
543667
211960
181421
474687
146713
699849
504082
476885
227582
527231
473838
440557
165276
399926
586768
151045
113220
503074
726151
336711
915099
955776
947935
586656
79274
278278
208513
377843
469939
967983
259393
681174
737718
922571
297392
53681
970626
403312
536018
987146
133806
244340
580480
766673
51336
289335
581076
670537
121110
598340
343554
357846
958831
264823
728466
871639
608873
506465
820571
833256
830221
312330
563210
472201
444887
183210
702171
482723
615457
202588
894080
413438
372360
80005
498382
254129
503940
824900
210055
356019
127340
596303
826176
887613
17702
492219
719966
913995
765436
461001
164281
438170
305687
46525
701618
39583
300460
653591
157232
746516
713167
195872
101018
491540
865455
932444
620985
439260
118820
100251
100765
69961
48225
298507
760284
451286
587828
451336
133753
933115
474740
353196
574165
293338
464147
281368
306901
699660
512424
980559
337079
575788
634364
461174
618966
831754
413441
403473
63636
286790
660661
288519
769996
614751
801186
201968
72503
658474
37991
669305
721032
796892
821463
752184
214248
262262
538821
57764
584197
583542
561797
121947
358311
497914
296962
908231
674259
939740
743995
108979
51266
117428
40434
94894
836811
134489
210799
860002
740591
924741
683051
316768
903591
718332
387691
416983
723121
620010
92082
35774
567550
425399
79150
929262
255339
762247
406645
612617
40757
71690
874897
850608
300713
691202
272512
960185
972062
148297
433513
894540
200770
659334
951991
325427
475405
855040
982723
884450
919572
884710
642054
159867
251587
250125
872289
288409
326102
544450
652638
97278
317078
545040
998487
780005
705134
787993
393135
489326
645383
266811
610985
366212
230871
65430
222864
848868
852887
931050
253397
627089
453182
548160
679985
61985
546655
959859
869190
715637
626349
300705
747794
927201
917279
24996
312183
873400
989124
122016
102154
229676
786331
473374
466719
900368
44945
586133
233722
190302
657570
406656
201276
13613
780677
484853
860090
229552
396584
555134
348114
45292
662964
840932
523868
512528
811090
140221
792424
760550
769655
630780
909907
8847
452707
725049
234358
66029
208270
972715
822758
519667
738936
343900
407274
275654
936688
560931
583155
196105
167727
80681
469499
880536
715960
513265
669650
560780
320119
981747
400502
230127
483577
281236
616644
302920
924809
616142
113411
384071
279677
160673
69779
805200
225484
666704
636222
548512
139892
221485
993702
587515
118995
246964
163912
645804
239221
359997
180058
497244
581611
393408
958245
109860
581663
403589
946650
881827
672571
14906
359246
700361
448862
325673
405036
162929
209044
275464
995537
318088
973442
656182
146130
344349
683096
755288
455823
868120
641213
488960
947716
953573
8750
402077
501974
373199
398482
244827
458380
597984
521564
139385
669845
997808
7565
882526
549929
395246
140060
467032
715108
808369
689815
357218
966955
509322
635744
987739
924136
275867
663197
13039
49064
775093
417278
6991
985775
290239
383692
42238
120366
54615
926425
969075
944136
163002
427834
269420
355657
125724
186050
196259
337109
935590
160185
89659
321494
739170
469877
948373
892461
412135
16417
323011
652137
301810
147927
184242
901045
828104
678609
700478
679422
214130
205324
804607
147212
606923
168028
767796
239407
139593
592672
954896
608085
469974
916395
85710
417860
136398
158999
165792
928021
466742
760957
743602
30491
638531
274673
244355
706055
247079
366161
75023
863126
37354
165707
971409
719898
210972
320190
703919
428757
10557
616767
780274
13618
577986
598961
530427
494312
236198
607650
994442
716532
235024
215545
43447
498418
960845
413271
336768
343193
803218
111765
523790
127833
938587
991233
331465
48953
62657
178317
319049
805826
318679
556755
765166
318840
865386
2214
446912
356438
408559
742124
132177
304456
325229
442208
401426
259701
546172
167535
143337
107534
182328
410964
335753
30293
218476
157489
716426
296234
601988
587246
158199
418359
377203
211113
763686
552314
899432
41541
816088
526247
203866
360865
850917
234771
329736
62099
183053
592736
41936
618727
619567
676572
497414
900620
473681
718306
502014
377594
207889
642527
967623
746806
126577
137156
852215
852537
781099
205156
480946
490485
255202
522932
144677
683147
949006
677313
638536
744875
11415
173858
585515
911166
719681
613160
601924
560969
581126
445396
201384
247939
883658
877536
989536
764308
877735
46434
405221
205191
516185
749452
839418
554171
896766
675591
345458
480606
533544
885332
301268
395655
846225
816159
74541
869203
390853
110392
808767
578689
11007
480323
369410
177565
112668
338561
424169
814101
580099
488496
708163
11970
136809
296084
340403
125249
277310
390992
205836
51565
293796
267854
959496
106087
413567
80318
83303
330286
26866
863030
53346
251456
174032
440696
56584
527169
298176
514605
433990
763716
660184
796424
84824
374889
602056
792686
971411
793089
387359
825922
142382
539375
645693
929286
144623
490662
659160
453886
734680
296545
383428
247979
27882
927373
242569
32827
803524
599018
550611
6840
39257
807517
776909
252041
635870
157546
130815
93064
624310
86426
627032
532899
241387
462393
445306
701699
475787
817278
563083
14928
986558
917807
17099
646401
558025
614049
241473
630565
810312
752526
298093
313918
943158
334887
972007
505305
463185
155250
752518
379466
784241
861897
414559
523434
972435
809679
18687
944906
683658
153452
504874
878911
680576
836759
273221
165238
196036
609757
283573
882096
169572
862137
894896
3253
724019
314864
680960
439635
237469
189987
624128
941614
874268
761204
24263
591835
907757
657116
425758
792715
573039
817339
542384
470620
77656
793486
863662
447808
545298
421094
508189
740747
416250
103132
20322
568573
355313
260488
68705
886968
395024
575297
50289
619617
975746
699774
219762
75818
317042
37842
476681
777652
110884
633097
634274
857123
827476
731167
744274
873652
716164
800132
68215
138762
525973
912159
742766
73349
26361
943472
645453
454363
776893
965809
368837
23782
181280
358955
198757
925879
126708
862678
571570
445017
7175
423996
567139
335327
412213
513332
494130
345560
751375
854899
86626
101587
873359
133174
509153
38726
631089
610898
3100
819755
8066
304138
754639
73506
849412
254710
933804
321412
138013
58034
101601
492329
778224
914074
35111
580031
504063
164394
902774
44253
839980
232019
876183
944886
962470
522035
632929
359230
938138
940190
776087
151085
78797
506722
868763
921100
45498
154915
871481
254221
361791
998268
298769
526701
701273
260686
227582
8132
137901
666524
917722
64685
518100
169710
717630
233570
930974
893927
998309
256702
726491
389817
326909
390276
111609
524723
484527
55879
932548
821860
572240
453562
902282
927758
599922
734717
748074
469476
614101
633316
101352
387771
845230
480489
869052
180383
127423
438726
862070
343988
952146
263536
15352
192493
76740
11705
199647
854628
681314
626577
532325
143184
610384
146572
986006
425058
20575
682569
716491
170756
218856
929205
984986
77717
343349
37989
269093
157685
45305
18815
462899
885099
95783
186156
219867
35258
588377
74108
395908
277910
801929
665148
501317
161923
733211
661311
861123
321207
215469
569645
275303
979093
401490
998707
222497
32358
623374
65132
880598
391486
229270
277316
337815
487280
971991
110699
620797
86820
766414
878418
250251
162829
456027
384093
865311
898756
347573
659222
874942
712417
15176
196863
389600
281486
728697
692613
592700
17161
702880
565670
803978
357525
155081
455021
908101
225814
731211
631715
605254
813226
541375
326132
411982
668794
89698
745173
141136
87471
760608
552694
782397
860321
28362
973541
839070
565652
691721
104265
758096
821306
953474
405176
814252
841249
867827
362543
324418
319095
364113
912809
373436
521947
636162
870048
617097
820665
830144
102054
466545
762298
542636
799569
942047
736041
394791
293924
649871
411857
825008
853270
549151
634718
546847
101580
113573
386580
852875
659734
677685
297068
455428
82772
698657
992113
144966
778087
324708
811128
778930
270393
816977
281040
526927
548049
958651
135913
801204
763388
229158
448809
940483
251381
646063
176239
354158
566398
236003
768913
612549
220841
624778
772613
478329
296222
414176
221386
133884
371626
243578
951709
743215
860292
312046
719699
768280
312736
552881
95329
265895
298556
400869
417390
145200
591668
40938
367549
544281
863434
71495
310477
402880
784102
221587
871412
736193
910470
269923
23657
98622
882164
286297
226865
974444
52843
52236
109789
111037
732277
826797
901513
443287
979285
700768
919873
582443
580353
702335
184381
583104
729055
679364
477950
996503
12014
204579
517261
141898
422908
907895
878617
998833
683488
532195
680618
44095
275161
265032
300414
261879
848718
176276
898189
717875
701851
729758
764678
409714
311861
555313
885317
757960
598269
993863
371672
759416
524926
834826
548043
17505
180148
961916
148348
130000
224421
162782
527161
226971
27221
892765
131333
504664
496151
176180
934004
884679
974905
859351
861293
667726
428897
59118
335271
523858
843532
203715
724100
633990
745262
625142
810491
564747
83084
456031
865537
859078
249082
413194
305644
461915
837400
114456
802661
424523
715635
714893
262197
512081
789041
137813
340072
257104
633165
707343
127734
446979
485882
565069
303839
59126
746515
195561
690840
740152
5506
367157
98165
175119
730204
456605
285073
998271
64420
374055
276028
141178
112751
786503
374743
241036
217087
531494
933922
954043
710183
159272
465210
239393
601354
799737
66104
364988
607405
995965
122545
969071
45806
701181
315395
659976
108475
388075
337821
888661
255871
542729
991796
773902
538117
380833
24499
68481
126142
763517
211436
553917
213493
213663
33987
156737
400899
257978
487320
940708
162235
607655
134434
126789
970661
807559
867406
89313
270422
260137
803239
84101
390159
771788
713702
693139
629765
554293
700078
281723
208369
603622
79316
813499
791687
344454
873463
632063
862941
237164
809451
60136
466215
356839
561079
193570
463404
304492
637517
889769
473704
962494
134168
286194
275747
63543
145869
184097
584925
498925
237194
45717
698230
130599
241320
128781
913022
414921
744341
966618
548245
483103
841182
75073
303294
854048
188659
471152
720733
530933
164518
715818
402871
348390
9108
17958
167749
10740
87893
767543
681119
938683
939056
806476
328827
466206
318200
454991
533535
441373
142562
892902
543977
381781
988313
725525
668292
962140
17209
478216
440361
979056
587997
10623
69787
419093
208737
939221
896627
623756
289158
427763
250794
25249
340175
320118
126126
514242
479782
774020
616456
525154
608466
277441
746423
361253
840045
513065
222581
41830
933556
737608
537013
813248
695906
879314
168822
556755
917294
725585
468547
15450
307603
857111
840268
782054
207121
687534
66637
486395
285163
812890
693355
54167
137854
450657
41747
740768
392468
545237
186128
763422
597316
308761
418043
148422
565992
363943
423357
30753
778557
311099
641547
291374
536209
136377
651308
646264
96187
865562
760597
448422
604390
47076
538738
391010
84571
154463
501357
965523
676385
127081
773528
816615
523629
899103
259858
37012
195057
917283
47948
267651
328758
5585
68240
589213
704814
665332
39156
556811
71722
166752
583142
947894
366414
96537
624478
68586
348301
415587
272586
28128
933445
371014
389141
282130
607602
420567
927853
309814
54858
298452
166509
580429
584539
431406
826762
416333
759562
281254
183950
892296
614094
402035
419332
770465
778084
415186
502591
798790
44757
209387
244291
407368
461855
607464
731751
84068
904259
323051
485860
343019
479856
29487
601552
628481
524287
437905
299438
311413
554539
518379
887763
251509
96918
337024
131481
93109
804431
340735
918504
811893
670292
826549
689478
597769
578744
769408
133938
681858
662945
106689
340301
256257
309746
637377
130768
607440
588920
68344
550392
256453
193013
880123
498335
140266
603020
82847
541279
759778
377770
514280
549888
880258
769218
956980
985239
157806
229286
871811
200964
425241
35131
93784
736022
950036
535057
943859
13770
142133
756698
703933
397861
532341
555671
898501
133872
104059
794314
133518
362274
547319
413864
427018
354755
391025
961370
850101
419880
9212
111032
313599
179794
159633
319430
682297
210954
239282
258600
310708
790084
513183
801216
533110
408015
454941
162642
42085
603684
791667
222998
290850
716203
248872
423711
272534
360378
699448
320304
912014
427688
727093
548579
594530
718552
736916
655534
58322
912409
802105
843083
540518
118684
551032
613840
955681
170216
589452
771055
388167
752770
204438
809095
901124
395586
253764
986291
631398
105586
260735
459882
319941
854510
93851
844313
886203
44117
90231
231793
267983
331650
519223
128311
505176
599665
110438
996850
555326
611817
490459
688991
208078
6143
273647
30230
472853
595964
917747
675836
164212
616497
249969
132509
30642
624562
289198
872568
788755
744869
714567
165288
458681
983781
793442
963456
989550
176488
541843
763627
264330
562968
69668
612792
446618
783848
921043
448583
489895
748427
399582
913307
629607
92979
502234
65754
342595
195235
536394
108377
709363
740803
625322
168332
579568
16256
487233
462661
408765
100106
461149
954973
786781
852774
33921
510557
813346
552747
265515
277467
642744
481352
799043
646324
420105
6498
110998
237771
119361
286070
912621
479303
194067
905318
185197
752480
464233
921205
865521
852690
242199
14395
52022
850758
730953
377769
215043
731875
201475
684634
61152
370400
756251
655799
124000
155427
548260
389815
470451
508093
449598
594390
317703
50258
327423
750419
942034
559797
819944
181952
116262
811788
70561
231591
431493
390247
40049
273890
186879
157360
616692
651122
564498
188872
479074
939123
330023
382308
61196
562733
34012
707473
499028
599350
345361
31545
245550
226344
398664
309699
156643
77415
720719
446279
906421
109710
940354
428236
115990
996244
990596
58793
623201
999410
939540
376679
91036
860144
316026
551903
477476
577157
947643
533694
698721
346258
746639
617062
101614
244440
147987
977293
608691
369254
941447
981118
600936
658186
421878
244225
386275
523925
533548
251700
326312
645535
491110
822897
919346
332862
806494
518414
72016
599662
392232
132934
786781
259543
742176
355834
382655
874793
358548
334058
456859
295414
751349
876274
616431
54424
964636
648363
714053
256939
332720
818132
128737
964277
861665
466763
804419
493172
257783
17363
664769
141000
472316
268630
747393
951018
20758
398278
715876
154125
581325
991975
75520
795483
789736
164238
234981
562379
267954
351785
370516
216300
462502
166653
451019
652985
619470
814843
535031
495431
904832
391341
164126
906517
427195
897811
830351
830484
826989
467409
431870
793571
771263
274659
268831
897885
373696
293974
651053
430932
276746
150917
480699
719884
735724
18022
870978
150542
163318
388215
112123
671172
994113
753826
331077
335332
879113
177906
521053
558588
803175
591815
616234
477498
751957
286732
441096
702120
674169
5827
770463
204111
941674
436216
632515
539105
154193
521992
515848
641936
534086
735680
884780
86535
850902
812276
56670
37616
131993
236628
427211
813414
109421
619899
802530
92770
522710
366140
851774
274351
209954
558187
274801
498843
983155
352941
143263
529171
93352
571818
575827
554035
399564
246604
263917
819578
779122
240696
901843
832694
984682
351317
46596
756355
908811
148238
752796
500286
792766
988655
789370
221073
742181
97019
397357
86223
837462
136268
372684
385731
68300
352261
758881
223316
818955
332178
690900
448341
695127
272964
164347
704207
696537
574742
100074
437394
191829
608346
255053
987066
642559
61698
180559
455024
995692
982800
396122
20678
319980
848555
223166
259418
839038
610256
742727
833393
598459
84482
685131
246412
91472
612644
995542
892634
956655
494249
187768
736361
335875
873875
923282
419175
682910
753075
58132
263052
601797
974107
439316
457859
487570
975702
739494
146440
867635
783860
139780
657935
716529
243199
812120
599240
474603
673339
512839
41614
801387
859748
597735
311734
42617
796738
560852
729280
633659
138701
662319
334895
614210
16871
854864
576470
737963
425906
771684
735875
497175
784912
439559
799148
741601
258678
987793
553849
773848
823854
469902
76523
6156
847276
470723
698080
291778
941594
396716
683295
430815
332193
843471
281873
856828
324114
641445
727362
805831
108981
101501
937687
354928
840388
429254
276305
106782
745643
339962
388674
12387
75512
628732
134680
473564
680923
441378
357743
942739
452818
104749
620900
874286
222344
754650
824883
759601
29956
411963
765991
775509
44740
859417
961070
603013
409900
380602
826973
591956
309196
615273
754700
635033
640136
352429
126009
598753
621987
751994
482788
159142
774334
556484
991953
51718
159655
947288
496732
445819
495459
765159
462302
319193
302216
253277
881124
781605
537043
900009
588218
703387
119618
481119
338982
308725
615677
849612
927624
440703
894149
244485
319168
831605
188648
279030
171530
176730
830579
543544
298966
497507
378553
290864
999843
487799
183456
391147
666256
57651
360377
315080
569884
14036
244192
107273
412996
544913
983475
493703
418758
630431
83267
937769
71380
285995
131600
121316
26969
144147
795291
26332
775999
202187
373899
111110
923520
130439
669947
760844
491847
240324
481790
494360
116107
931827
619496
202519
927315
378087
179873
897134
938277
115477
690345
223078
226844
153044
739544
600194
21144
326196
88632
634386
786096
267064
238779
554604
666533
847003
813271
484279
94693
66919
676903
293672
348848
638073
587502
784688
502031
934663
382936
472896
107121
270577
629476
723420
290637
61364
122055
288476
85054
765464
364196
599121
75759
761802
74957
603272
633848
235060
985454
651064
216291
41511
534729
737366
46528
2864
822677
965850
542879
23646
932915
31954
685592
681262
7828
300121
589632
678629
842516
169508
67253
548209
24415
172453
423572
80165
838677
367994
359901
111352
109274
226640
537425
911597
299038
367387
618590
775058
918918
389010
62756
729112
961509
676029
900263
582965
960147
531819
556039
58177
771543
699206
906525
966636
120772
704746
866505
329745
441331
423473
292750
19205
771766
563389
601432
646520
682263
981941
70068
137807
858136
261977
588986
688037
917058
290259
605721
720720
980298
115818
835200
311192
894962
284294
119580
965125
584401
250637
322375
729050
852372
302080
953398
351727
19600
114651
143695
956016
587472
877535
236864
680561
64704
581182
226987
965748
3530
311027
657052
76856
255145
442422
91312
186812
370778
100664
509596
823793
866612
676844
235714
597838
181578
833684
498562
79123
821466
792135
395097
708903
824054
79647
356919
465602
989518
393981
432709
949450
265809
58534
740530
62052
286139
867623
593393
203022
204810
276276
305776
395761
631417
995416
672688
836248
650039
535922
282943
118341
637942
195556
30018
488566
813806
543104
105593
594043
500200
884902
139465
405564
877047
307052
617804
302673
152247
332290
991472
466898
852143
313196
352175
391184
826537
751659
102402
948658
507357
665468
625519
554245
824374
39473
945319
463899
155688
806493
203507
115892
957032
595582
453399
759109
876166
321239
525284
192968
8090
568640
786974
218495
475387
749419
452156
547945
663978
11004
503151
460854
42469
134619
965644
895241
9979
818538
308632
22637
227762
53066
17738
261376
390648
996236
74270
401435
693017
370157
260422
202942
305254
866719
467748
55800
220853
389702
257029
717019
642637
703653
235641
670559
794143
285501
681892
651250
381917
377426
132765
673080
524468
896506
554084
323826
210193
707771
414107
885953
391896
55473
825976
157007
496371
650756
580035
653517
741402
311503
312853
477098
847281
294004
292960
470634
498542
719858
417828
495546
597942
968958
745646
518106
161578
605931
741003
967428
443814
833876
844715
258271
815937
992676
536541
696698
275139
393022
83126
710233
982154
621655
265106
96190
782688
511697
20834
959808
101577
371016
712890
579923
797101
728537
239890
732108
570484
788769
516311
328235
595574
500420
567711
112701
880758
784066
434373
596603
554891
520262
32893
858547
372391
714736
304812
178075
389322
843614
453540
319928
924236
676420
658706
961790
573242
309119
568881
768140
649583
804100
944180
971327
628824
231803
204031
135547
485181
104721
113390
287300
629638
408875
179456
948906
627764
809278
25454
796579
490199
337309
345517
710634
956487
819796
551655
408694
499628
831578
934414
682899
977386
550683
873174
505497
741794
665593
56615
448701
937683
512731
794582
864019
606956
809565
411958
259746
206780
572504
793240
903787
556666
378773
748725
427462
51927
486871
857129
682846
273957
179153
928193
649855
178792
229380
485633
312711
455607
811850
232205
253917
156674
106015
994899
738628
487737
267573
33770
82560
963922
146577
547211
784857
396378
662454
111202
580326
170358
799251
936726
464799
975765
229351
428175
267470
194047
390964
91649
393138
829720
933937
926595
155775
69689
45653
235600
487367
80737
913012
921433
594725
525597
94898
129911
976074
300683
968516
435292
388429
12361
668263
516745
881227
516390
123431
575808
89519
946545
230029
350100
49891
677480
435099
447444
217866
148886
614066
866547
201091
388420
948139
210830
220637
737660
949884
964609
154193
171892
381773
965618
258938
904341
47602
542734
232421
815138
661080
387339
199677
658939
59049
641606
192889
930649
118802
571391
89894
840242
967737
872757
353736
684832
345511
515330
677390
745232
430168
699779
460018
462240
899403
559059
526951
993890
945424
527737
647178
695746
106335
890367
966377
12762
760560
201912
407705
509170
618179
73317
628031
756418
914472
777262
185948
440182
806488
125002
210154
428021
233212
671552
889473
428319
209085
599778
930460
665522
682481
898817
129638
861116
732050
365249
38519
307845
509568
530994
717226
491772
780883
145110
184051
421589
680125
545811
918096
845096
439181
679836
826513
562282
389757
558732
509453
316970
929749
36217
114562
995033
508527
272759
222864
171943
510357
375889
91504
522717
353461
36512
537844
138714
355987
515370
413284
276824
342234
454506
747448
606186
713071
660931
349394
94729
216480
303214
850407
219623
635978
462745
571176
939016
350388
866923
487792
772469
827017
314232
169732
42208
778634
62560
232571
347130
159455
90673
325546
203519
921859
250577
380428
184272
320362
644004
542702
679932
773276
647318
836062
30051
967946
268991
146360
402090
900681
568796
674295
29586
611767
289406
438602
349348
549519
82456
145465
689206
305472
43666
942513
28873
175638
392170
153278
341816
25404
25521
359597
973080
602735
799647
89052
286324
132800
87411
475941
150442
825727
9927
45902
156085
799664
215113
215368
452062
160966
521177
458942
196160
883666
784276
395776
960048
908732
48661
680712
10725
576310
233729
774795
493797
654819
904427
20874
149334
497673
987917
45259
98640
314038
837081
111561
69533
42201
428636
5540
339441
321070
814995
613942
730667
16210
513795
595783
446856
525507
815690
727341
345251
697586
320086
132613
393249
509429
593619
909024
165515
911766
41457
346659
212232
798562
407014
93413
59772
647620
408384
631010
335487
586501
923868
841257
933743
994251
41518
407012
299344
389614
936574
551822
924722
491927
307911
377513
785023
808438
667061
19386
21462
864917
736806
891811
710090
506897
229684
537911
78972
890369
540192
674359
454486
935113
428504
827796
981398
503820
509407
440516
958756
850092
764834
267756
389675
516155
55439
37495
436004
898547
491934
542474
942355
705569
265911
281613
463163
385707
954391
59619
504612
50172
198693
463616
90024
578727
807949
347354
403875
840154
995805
818102
766982
516275
878093
130427
288761
836649
352484
86140
928619
12498
857705
630497
635024
249796
251057
233684
564722
948773
341946
475788
450352
252742
720139
887955
588194
191980
467385
564446
469738
54820
36088
461879
337668
871091
681256
670321
91214
225218
586042
935197
39521
628578
821705
981984
309663
28149
364857
11582
692568
255144
440234
139262
843640
42340
186288
853502
304041
637984
213754
197197
814063
157794
892601
643125
8189
431814
884376
265173
702972
820165
734860
2900
605990
468324
881861
271087
747655
271717
748338
456061
874690
429027
815371
345487
619089
888393
614173
798754
762316
464907
161165
979252
437977
653195
256437
289874
911905
293404
211907
962010
802863
21789
620730
747253
33758
949160
385153
11436
241647
177017
795696
101040
740741
780320
128725
922518
237516
881857
45544
258103
953925
832593
122964
856399
778828
715137
130112
593530
684016
735318
569824
263177
986739
227065
733125
402495
462373
712225
690801
601053
269749
698434
676697
354708
868102
797998
455340
145518
413441
102259
204298
166647
447607
451550
269368
569356
820581
158218
219896
573238
230721
474840
506688
802289
658721
612079
380610
875319
878382
926811
236938
667147
434105
905971
270963
263324
263647
190
595070
46862
842600
662848
520182
804530
611241
220780
653291
334192
461055
859637
817644
994179
776485
442163
321139
462033
348174
170924
500271
643698
409023
555784
504863
445927
688059
689002
638276
250268
852457
194551
515275
186383
929367
753226
355043
379991
14021
356791
993374
729193
981251
984923
83008
210954
287442
699019
418767
438143
762470
399245
715001
439716
88922
635708
927468
570056
709645
258912
692380
621804
424969
605950
370237
153341
983411
111273
642656
788295
413734
881027
227590
834358
327050
604673
886457
749252
721498
238354
334950
688674
995873
173246
929943
281108
887378
933553
18314
202185
46480
595680
29863
69721
202769
744381
990192
388239
808479
235998
623489
341077
797375
860275
832319
475343
812227
73609
916394
465393
584216
278845
831657
545549
729707
779393
729919
380913
152954
672201
592574
391409
35014
592151
805770
752873
433935
398638
540541
79098
777303
696323
378153
140601
936647
400989
30870
702920
550032
865406
392060
483680
869156
879790
901896
3992
104664
591678
256522
403441
193020
724398
775921
594353
727245
791521
598953
907819
807669
286932
659393
895723
383826
317315
691798
966442
852612
230154
295361
877731
129267
156418
706957
220877
679087
660316
995400
915707
927540
272207
373131
291737
382943
875720
771709
741586
680745
633442
224721
209494
376607
560893
206571
499757
915997
341800
728278
884683
630284
721033
409451
468781
725457
962261
436355
265148
28231
900488
803992
314956
976008
556721
722628
509897
765514
899391
829949
554518
434232
422339
793707
395132
458013
406245
915243
331503
600123
323048
892036
647880
967318
360365
59445
274009
596516
822412
318493
341578
956376
442260
477456
659404
246435
207027
694934
196935
329741
95964
658748
813560
476006
411421
548879
737770
866846
302415
919588
623784
70622
516544
447002
502494
67768
863663
681878
423948
187836
463681
941410
723161
45934
907180
332824
127105
452920
398483
263974
897053
657608
8600
654567
136843
80716
803128
165301
151230
970507
168238
762123
758422
371378
653614
159153
377840
752190
170157
64379
277644
275033
808650
911250
318942
953888
114305
423798
362669
22963
724540
490757
890013
395961
196495
684851
863804
511176
372911
506280
76661
333560
876229
614493
395262
308657
992463
271857
525094
957105
159302
407471
303726
688512
265686
442772
431117
190692
19937
391103
441433
304279
580649
887791
566783
651698
235290
157551
436048
715001
849560
71033
660600
519582
200197
73121
40471
936979
661082
619895
968430
368422
860230
771869
654397
436161
677896
894460
914793
771234
464454
807328
444720
199535
405473
864955
898270
891679
582027
326487
310450
880238
407462
317770
127460
458204
462409
448145
526124
412203
52597
362641
775448
229486
271420
540454
579524
247154
414930
550129
252218
591842
634077
615826
261335
593436
337246
925844
408363
422995
383816
905046
706603
722118
843052
431263
612006
376884
476508
965426
546883
506830
510799
949601
978867
135596
654630
935966
926752
906614
433291
981846
71647
328972
742591
115991
571847
313262
146529
258200
596939
489168
222433
943175
306799
346590
334798
342354
370502
339054
477455
656159
656147
402177
428110
432117
965476
207332
687839
436280
707815
989375
69176
699820
625326
221241
321650
336731
461911
931816
974196
422795
793415
546332
146308
916169
407050
151844
954772
118892
2470
403839
390981
256377
910793
518640
781836
530144
252650
325354
256075
32017
982540
411216
425823
193556
998192
677558
763719
484786
616167
759692
731122
924626
109427
104711
303081
114564
234199
62798
530495
862314
927590
338504
551594
797924
824585
247176
507260
744177
544305
28040
88708
443457
540865
302276
683128
320377
356626
156815
13836
92158
520320
858438
556629
150087
376472
572427
138091
537025
178029
907553
822533
780846
752719
556245
744403
451402
677226
514778
439419
116879
886976
807112
595251
850247
904997
891122
207873
226584
316145
403087
829715
541991
306413
90884
478241
666755
743960
665997
30561
446153
898281
456365
192514
845151
45900
78322
249275
579544
946366
961162
523994
777138
389514
736026
819998
725148
87344
523303
853370
414517
629854
876663
73722
869766
485681
95031
18419
335875
372400
253388
117943
253687
844437
132084
533966
781141
66730
720125
475975
665149
992087
821900
802575
450972
691414
56758
67567
490726
944778
786731
149591
155128
99198
77112
593135
466804
370523
794011
662874
269760
242951
883323
455486
208541
146370
597821
140837
558188
450107
652513
757784
381980
108177
315813
345603
397512
85154
352236
58258
750288
949838
723500
903998
824862
870656
85249
491084
476496
421649
22752
537322
246248
22003
231520
582796
643265
406981
213009
602264
274105
757420
354133
392796
977601
771890
255737
720094
856209
571639
802538
239291
28131
690641
462155
890829
439462
91758
937835
673926
693864
45527
447039
481403
685050
443737
596150
385124
787992
936224
698305
258280
774067
520032
815807
338570
29718
24505
651746
476319
244556
33733
247072
864210
964578
256305
561963
700263
478600
961857
157082
32272
692523
109713
839374
42346
152595
633759
886797
504074
702990
693280
114969
420492
654600
555857
368288
140916
327497
402039
935507
688414
788221
412100
596762
489288
465654
44248
529837
782372
110152
497796
856796
441638
160541
230527
314372
121754
934724
243472
582831
400642
281911